0  0
0  1
0  3
0  4
0  8
0  9
0  11
1  0
1  1
1  5
1  9
1  10
1  11
2  2
2  3
2  6
2  10
2  11
2  12
3  0
3  2
3  3
3  7
3  8
3  11
3  12
4  0
4  4
4  5
4  7
4  8
4  9
4  13
5  1
5  4
5  5
5  6
5  9
5  10
5  13
6  2
6  5
6  6
6  7
6  10
6  12
6  13
7  3
7  4
7  6
7  7
7  8
7  12
7  13
8  0
8  3
8  4
8  7
8  8
8  9
8  11
8  12
8  13
9  0
9  1
9  4
9  5
9  8
9  9
9  10
9  11
9  13
10  1
10  2
10  5
10  6
10  9
10  10
10  11
10  12
10  13
11  0
11  1
11  2
11  3
11  8
11  9
11  10
11  11
11  12
11  13
12  2
12  3
12  6
12  7
12  8
12  10
12  11
12  12
12  13
13  4
13  5
13  6
13  7
13  8
13  9
13  10
13  11
13  12
13  13
